Used variables for : Theta0_U0 conf_2
~~~~~~~~~~~~~~~~~~~~~~~~~~~~~~~~
Ny = 60
Nk = 51
ymin = 0.1
Ly = 3.141592653589793
kmin = 0.1
Lk = 5.2
dy = 0.05069321089316322
dk = 0.1
F1star = 0
beta = 0
U0 = 1
ratio_Theta0_U0 = [0.    0.143 0.286 0.429 0.571 0.714 0.857 1.    1.143 1.286 1.429 1.571
 1.714 1.857 2.   ]
Lstar = 2.0
~~~~~~~~~~~~~~~~~~~~~~~~~~~~~~~~
