Used variables for : beta conf_2
~~~~~~~~~~~~~~~~~~~~~~~~~~~~~~~~
Ny = 60
Nk = 51
ymin = 0.1
Ly = 3.141592653589793
kmin = 0.1
Lk = 5.2
dy = 0.05069321089316322
dk = 0.1
F1star = 0
beta = [0.    0.214 0.429 0.643 0.857 1.071 1.286 1.5   1.714 1.929 2.143 2.357
 2.571 2.786 3.   ]
U0 = 1
ratio_Theta0_U0 = 1
Lstar = 0.5
~~~~~~~~~~~~~~~~~~~~~~~~~~~~~~~~
