Used variables for : F1star conf_1
~~~~~~~~~~~~~~~~~~~~~~~~~~~~~~~~
Ny = 60
Nk = 51
ymin = 0.1
Ly = 3.141592653589793
kmin = 0.1
Lk = 5.2
dy = 0.05069321089316322
dk = 0.1
F1star = [ 0.     0.857  1.714  2.571  3.429  4.286  5.143  6.     6.857  7.714
  8.571  9.429 10.286 11.143 12.   ]
beta = 0
U0 = 1
ratio_Theta0_U0 = 1
Lstar = 0.5
~~~~~~~~~~~~~~~~~~~~~~~~~~~~~~~~
