Used variables for : F1star conf_1
~~~~~~~~~~~~~~~~~~~~~~~~~~~~~~~~
Ny = 60
Nk = 51
ymin = 0.1
Ly = 3.141592653589793
kmin = 0.1
Lk = 5.2
dy = 0.05069321089316322
dk = 0.1
F1star = [0.    0.286 0.571 0.857 1.143 1.429 1.714 2.    2.286 2.571 2.857 3.143
 3.429 3.714 4.   ]
beta = 0
U0 = 1
ratio_Theta0_U0 = 1
~~~~~~~~~~~~~~~~~~~~~~~~~~~~~~~~
