Used variables for :F1star
~~~~~~~~~~~~~~~~~~~~~~~~~~~~~~~~
Ny = 60
Nk = 51
ymin = 0.1
Ly = 3.141592653589793
kmin = 0.1
Lk = 5.2
dy = 0.05069321089316322
dk = 0.1
F1star = [0.25  0.518 0.786 1.054 1.321 1.589 1.857 2.125 2.393 2.661 2.929 3.196
 3.464 3.732 4.   ]
beta = 0
U0 = 1
ratio_Theta0_U0 = 1
~~~~~~~~~~~~~~~~~~~~~~~~~~~~~~~~
