Used variables for :beta
~~~~~~~~~~~~~~~~~~~~~~~~~~~~~~~~
Ny = 60
Nk = 51
ymin = 0.1
Ly = 3.141592653589793
kmin = 0.1
Lk = 5.2
dy = 0.05069321089316322
dk = 0.1
F1star = 0
beta = [0.    0.071 0.143 0.214 0.286 0.357 0.429 0.5   0.571 0.643 0.714 0.786
 0.857 0.929 1.   ]
U0 = 1
ratio_Theta0_U0 = 1
~~~~~~~~~~~~~~~~~~~~~~~~~~~~~~~~
