Used variables :
~~~~~~~~~~~~~~~~~~~~~~~~~~~~~~~~
Ny = 60
Nk = 51
ymin = 0.1
Ly = 3.141592653589793
kmin = 0.1
Lk = 5.2
dy = 0.05069321089316322
dk = 0.1
F1star = 0
beta = 0
U0 = 1
~~~~~~~~~~~~~~~~~~~~~~~~~~~~~~~~
