Used variables for : Lstar conf_1
~~~~~~~~~~~~~~~~~~~~~~~~~~~~~~~~
Ny = 60
Nk = 51
ymin = 0.1
Ly = 3.141592653589793
kmin = 0.1
Lk = 5.2
dy = 0.05069321089316322
dk = 0.1
F1star = 0
beta = 0
U0 = 1
ratio_Theta0_U0 = 1
Lstar = [1.1   1.307 1.514 1.721 1.929 2.136 2.343 2.55  2.757 2.964 3.171 3.379
 3.586 3.793 4.   ]
~~~~~~~~~~~~~~~~~~~~~~~~~~~~~~~~
